1 16.48493151
0 17.01369863
0 18.95342466
0 18.55068493
1 6.561643836
0 21.69315068
1 20.52054795
1 17.36164384
0 13.83287671
1 12.51780822
0 23.11232877
1 16.3369863
1 18.94794521
1 10.30958904
1 20.46575342
1 13.5260274
0 11.86027397
1 22.03013699
0 14.70410959
0 17.75068493
0 20.47123288
1 14.85753425
1 19.78356164
0 12.02191781
0 17.13150685
0 14.42191781
0 20.35068493
1 12.25479452
0 11.86849315
1 15.96712329
1 19.96438356
1 19.93424658
0 15.30136986
1 14.11780822
1 19.6739726
1 21.98356164
1 22.8630137
1 19.30136986
1 23.19178082
1 9.978082192
0 13.88767123
1 20.02739726
1 15.8
1 20.9890411
0 19.12054795
0 20.80547945
1 11.01369863
0 19.87671233
0 11.52328767
1 17.77260274
0 14.7369863
1 16.22191781
0 20.53150685
0 22.70684932
1 9.605479452
0 14.38356164
1 13.86027397
0 7.095890411
0 19.62191781
1 16.00821918
0 8.408219178
1 11.20821918
1 18.87123288
1 8.671232877
0 14.84383562
1 13.25753425
0 10.29863014
1 18.31780822
1 14.26575342
1 11.23835616
0 11.73424658
1 13.48493151
0 14.63561644
1 20.07945205
0 20.14246575
1 23.38630137
1 16.79452055
0 22.21369863
0 23.3260274
1 11.79726027
0 7.424657534
1 19.60273973
0 11.69315068
1 19.05479452
1 11.84657534
0 23.25753425
1 20.37808219
1 16.60821918
1 22.73972603
0 19.94520548
1 15.23287671
0 10.08493151
1 21.16438356
0 19.58630137
0 17.23561644
1 9.167123288
1 12.96712329
1 10.79178082
1 18.96712329
0 16.90958904
1 11.83013699
1 18.79452055
1 15.13424658
1 14.55616438
1 16.96712329
1 17.41369863
1 18.68767123
1 23.63561644
1 7.62739726
0 10.70136986
0 15.52328767
1 14.35068493
1 13.83561644
0 10.61369863
0 21.04109589
1 10.55616438
1 15.35890411
1 15.41369863
0 6.364383562
0 14.31780822
0 18.73150685
0 19.24383562
1 9.539726027
1 7.016438356
0 18.68493151
0 20.29315068
1 11.43561644
1 20.6739726
1 23.33150685
0 20.53424658
1 14.24657534
0 8.375342466
0 9.254794521
1 14.50136986
0 19.52876712
0 19.90136986
1 6.424657534
1 12.55890411
0 20.0630137
1 13.35616438
1 8.934246575
1 13.89041096
1 14.48219178
1 22.09315068
1 13.29315068
0 20.1369863
0 15.50684932
1 14.5369863
1 13.92876712
0 11.22465753
1 12.11506849
1 11.89041096
0 7.57260274
1 8.597260274
1 14.95068493
1 20.61369863
1 11.86849315
1 11.41917808
1 14.4109589
0 14.99452055
1 13.28219178
1 10.95616438
0 14.61643836
0 18.6739726
0 11.48767123
1 17.18082192
1 14.16438356
1 17.28493151
0 14.09041096
1 14.98082192
1 16.24383562
0 14.18630137
1 15.30410959
1 13.94794521
0 15.38630137
0 15.36712329
1 14.88219178
1 12.83013699
1 20.76438356
1 13.73972603
1 18.7890411
0 9.884931507
1 22.66575342
0 20.12876712
0 6.78630137
1 12.50958904
1 13.49589041
1 13.94520548
1 8.454794521
1 12.37534247
1 17.03835616
0 16.74520548
1 12.17534247
1 11.81643836
0 18.46575342
0 17.65479452
1 10.61643836
1 9.882191781
1 12.86849315
1 14.32876712
0 8.868493151
0 20.24109589
1 17.35890411
1 16.13424658
1 15.12328767
0 18.71506849
0 16.33972603
0 21.16438356
1 20.13150685
1 10.30684932
0 14.46027397
1 12.93972603
0 12.19726027
1 12.79726027
0 21.20273973
1 6.473972603
1 12.2630137
0 19.91232877
0 15.57534247
0 12.80547945
1 14.84383562
0 9.156164384
0 20.76438356
1 20.69589041
0 19.95616438
1 22.03561644
1 11.56438356
1 12.20821918
0 20.08493151
1 9.520547945
1 14.13424658
0 18.15342466
1 15.07671233
0 14.43287671
0 12.48493151
1 13.9890411
1 19.69315068
0 7.816438356
1 7.939726027
0 11.75616438
0 6.854794521
1 15.68767123
0 17.66575342
0 7.205479452
1 15.83561644
1 10.28493151
1 15.56164384
0 20.63287671
1 8.128767123
0 15.74520548
0 14.2
1 17.73972603
0 23.82739726
0 20.14520548
0 13.31506849
1 20.09863014
0 15.80821918
0 20.91506849
1 14.00273973
0 8.284931507
1 11.47123288
1 15.15342466
1 20.37808219
1 17.75616438
1 22.16986301
1 16.13972603
0 12.70684932
1 14.0739726
1 21.26027397
1 11.53972603
1 16.06027397
1 19.95616438
1 18.06575342
0 18.95890411
0 15.16986301
0 20.55068493
1 14.9890411
1 7.21369863
1 20.76164384
1 18.62739726
1 18.59178082
0 18.54794521
1 22.50410959
1 18.9890411
0 20.05753425
1 15.37534247
1 14.85753425
0 17.87123288
0 21.87945205
1 10.27671233
1 17.90958904
1 18.24383562
0 22.24109589
0 19.09041096
0 11.20821918
1 7.531506849
1 18.82191781
1 14.81917808
1 13.89863014
1 14.54246575
1 18.78082192
0 19.48219178
1 19.27945205
0 20.5260274
1 12.44931507
0 20.95068493
1 17.09315068
1 12.35616438
0 15.2630137
1 13.80821918
1 15.84383562
1 10.04931507
1 19.75616438
1 14.82739726
1 15.10958904
1 11.10136986
1 13.1890411
1 18.10958904
1 14.83287671
0 7.394520548
1 21.70684932
1 12.64383562
0 18.36438356
0 20.99178082
1 14.21369863
0 20.04109589
1 14.90136986
1 16.08767123
1 20.34246575
0 14.45479452
1 12.79178082
1 19.2739726
1 15.03561644
0 20.32328767
0 11.69863014
0 14.02465753
1 14.04931507
1 20.33424658
1 12.53150685
1 14.27123288
1 10.84657534
0 19.55342466
1 17.19178082
0 13.96438356
1 15.60547945
0 18.56164384
1 17.73424658
1 14.95342466
1 11.93972603
1 15.56438356
0 15.09041096
1 19.58630137
1 7.290410959
1 23.70136986
0 6.024657534
1 12.34520548
0 20.37808219
1 13.42191781
0 23.3890411
1 14.42191781
0 8.616438356
0 14.31506849
1 22.10684932
1 14.51780822
1 11.84657534
1 12.93972603
0 21.49041096
1 11.57260274
1 14.69041096
1 19.9260274
1 13.8
1 12.90684932
1 17.60547945
1 21.10410959
0 17.86849315
1 18.3890411
1 13.86027397
1 8.616438356
1 22.97260274
0 20.17534247
0 18.02739726
0 20.29863014
0 19.63561644
0 10.64931507
0 22.41643836
0 12.49863014
1 7.35890411
1 18.64383562
1 18.42739726
0 15.07123288
1 9.030136986
0 21.82739726
1 13.27671233
1 18.63013699
1 23.09863014
0 19.90684932
0 14.90410959
1 19.29315068
0 20.76164384
1 15.04931507
1 12.31232877
